Macro-F1: 0.9645
Micro-F1: 0.9649
Weighted-F1: 0.9650
Accuracy: 0.9649

分类报告:
              precision    recall  f1-score   support

           0     0.9679    0.9604    0.9641      3891
           1     0.9686    0.9626    0.9656      3690
           2     0.9920    0.9911    0.9916      3143
           3     0.9733    0.9733    0.9733      2213
           4     0.9299    0.9374    0.9336      1501
           5     0.9231    0.9419    0.9324      1223
           6     0.9708    0.9649    0.9678       998
           7     0.9118    0.9355    0.9235       884
           8     0.9716    0.9642    0.9679       782
           9     0.9562    0.9660    0.9611       588
          10     0.9980    0.9980    0.9980       492
          11     0.9589    0.9712    0.9650       312
          12     0.9779    0.9725    0.9752       182
          13     0.9889    0.9780    0.9834        91

    accuracy                         0.9649     19990
   macro avg     0.9635    0.9655    0.9645     19990
weighted avg     0.9651    0.9649    0.9650     19990
